a1 = [1 1 0 0 1 0 1 0 0 0 4 2 2 0 1 13 6 1 6 6 15 11 11 5 6 1 13 21 14 20 16 24 11 21 28 31 6 1 1 0 9 4 24 25 1 0 22 34 23 22 1 7 0 4 20 38 18 0 7 24 37 52 54 37 2 0 13 29 42 37 11 0 1 4 15 30 31 0 0 5 18 31 45 53 19 1 6 23 36 30 0 0 0 3 18 31 46 55 27 15 33 44 57 46 8 0 1 1 17 27 51 28 2 9 31 48 58 68 53 21 0 6 19 35 34 5 1 0 11 32 39 53 70 42 25 42 58 74 81 50 22 1 0 8 26 48 28 1 4 15 29 50 69 80 96 68 77 93 107 118 95 62 24 0 0 14 26 20 0 0 16 30 41 61 83 93 107 123 135 153 165 136 102 65 24 1 1 0 0 0 0 11 23 40 58 74 84 91 110 132 146 158 167 175 141 103 70 33 0 0 0 0 0 2 10 24 43 64 82 93 109 120 137 150 165 189 199 178 146 113 81 43 8 1 0 0 1 15 36 54 72 86 102 118 125 137 152 175 205 222 231 221 181 142 111 73 35 0 1 0 1 5 14 34 50 65 80 94 104 123 139 156 169 179 192 204 203 172 139 98 67 29 0 1 0 0 4 20 34 47 66 73 87 97 107 127 141 162 181 201 209 191 153 120 82 50 16 0 1 0 1 8 21 39 48 64 75 90 107 120 130 146 161 181 197 223 190 155 120 79 36 0 0 1 0 0 11 26 36 57 73 89 100 111 130 147 167 185 196 216 187 156 121 88 55 20 0 0 0 0 19 27 37 49 68 86 98 113 121 137 149 169 185 202 190 151 124 84 48 10 1 0 0 0 7 15 31 47 62 74 87 105 116 134 146 166 183 203 204 167 139 104 59 29 0 0 1 0 1 19 26 36 45 63 81 94 112 125 143 151 161 177 191 197 158 121 86 48 17 0 0 1 0 3 10 29 41 61 70 80 95 113 134 152 171 183 196 210 211 172 137 105 72 36 0 1 0 0 0 14 25 43 57 68 82 101 116 132 152 168 184 197 215 200 164 128 101 66 30 0 0 1 0 11 22 43 62 77 97 108 117 136 156 169 183 202 218 229 214 175 141 107 75 45 9 0 0 2 4 23 35 45 62 74 87 105 120 128 144 156 172 190 202 216 206 167 134 98 66 35 2 0 0 0 8 28 42 60 78 89 108 120 133 152 169 184 201 212 233 247 216 170 132 101 66 35 2 0 0 1 16 27 42 56 69 90 112 128 144 158 176 188 197 215 231 230 193 160 130 99 61 29 0 1 0 6 19 39 55 72 84 105 117 135 148 165 178 189 202 220 237 233 202 161 122 89 54 18 0 0 4 4 17 29 43 58 73 86 100 114 131 146 160 174 187 197 204 190 159 126 103 68 31 0 1 0 0 5 19 40 58 78 91 100 115 134 152 174 196 213 227 246 246 211 169 135 112 77 45 7 0 1 4 19 35 53 66 86 100 112 130 137 154 172 191 206 222 239 255 220 181 139 105 70 34 1 0 0 1 23 44 65 83 94 113 124 141 148 160 176 195 208 218 230 233 203 168 141 106 66 36 3 0 0 3 18 40 50 73 88 101 111 129 151 164 181 192 205 219 242 257 229 188 162 119 85 52 16 0 0 0 12 26 44 60 72 82 100 108 132 139 160 170 181 198 212 228 210 172 135 101 62 20 0 1 0 0 6 24 40 52 71 92 109 122 137 157 168 181 197 216 235 211 176 141 110 72 37 5 0 0 0 14 31 43 60 81 93 107 122 139 146 154 167 184 199 217 188 150 120 94 61 20 0 0 0 0 19 30 46 56 66 78 94 109 121 132 147 163 169 180 195 182 153 115 79 47 10 1 0 0 0 13 28 42 55 67 85 105 123 141 157 167 187 191 214 191 163 127 95 54 22 0 0 0 1 12 23 43 55 66 87 103 111 122 138 147 160 181 196 211 194 164 131 99 62 34 0 0 0 2 9 23 34 52 68 76 87 101 121 133 148 164 180 196 205 188 150 121 91 49 13 0 1 0 0 13 28 46 62 81 102 115 130 148 159 166 177 189 202 212 179 143 105 78 39 0 1 0 1 0 15 36 56 67 85 102 113 127 136 163 171 183 193 212 206 169 141 105 65 30 1 0 0 0 6 21 32 57 69 87 103 111 127 139 148 160 173 183 195 175 146 109 73 39 1 0 0 0 0 12 26 39 51 65 82 96 113 130 144];
b1 = [0 0 0 0 0 0 0 0 0 0 2 0 0 2 2 5 0 0 1 3 0 6 2 2 1 0 3 3 0 3 0 0 7 5 0 1 3 0 1 0 4 7 15 0 5 1 19 10 0 0 0 0 0 9 21 5 0 0 12 5 15 2 0 0 0 0 21 30 16 0 0 2 1 6 31 17 0 0 0 10 33 30 16 0 0 0 7 22 7 0 0 0 0 4 29 39 25 0 0 8 28 12 1 0 0 0 0 0 26 29 4 0 1 9 34 26 7 4 0 0 0 22 32 18 0 0 0 0 21 46 52 30 5 0 8 33 28 17 0 0 0 0 0 21 33 8 0 0 5 30 55 63 50 29 4 0 18 38 30 5 0 0 0 0 0 22 14 0 0 0 22 47 72 88 70 48 23 20 29 24 4 0 0 0 0 0 0 0 0 0 0 22 47 72 97 108 100 93 84 79 68 45 20 0 0 0 0 0 0 0 0 0 0 6 31 56 81 106 126 120 110 96 88 80 55 30 5 0 0 0 0 0 0 0 0 0 0 21 46 71 96 121 146 143 135 125 112 88 63 38 13 0 0 0 0 0 0 0 0 0 0 13 38 63 88 113 138 159 152 146 135 118 93 68 43 18 0 0 0 0 0 0 0 0 0 0 8 33 58 83 108 133 155 144 138 129 109 84 59 34 9 0 0 0 0 0 0 0 0 0 0 17 42 67 92 117 142 143 138 126 121 102 77 52 27 2 0 0 0 0 0 0 0 0 0 0 25 50 75 100 125 147 136 125 116 102 79 54 29 4 0 0 0 0 0 0 0 0 0 0 22 47 72 97 122 147 155 142 128 113 88 63 38 13 0 0 0 0 0 0 0 0 0 0 13 38 63 88 113 138 133 128 116 107 92 67 42 17 0 0 0 0 0 0 0 0 0 0 9 34 59 84 109 134 149 140 131 131 118 93 68 43 18 0 0 0 0 0 0 0 0 0 0 8 33 58 83 108 133 141 139 138 137 119 94 69 44 19 0 0 0 0 0 0 0 0 0 0 7 32 57 82 107 132 152 143 129 123 111 86 61 36 11 0 0 0 0 0 0 0 0 0 0 15 40 65 90 115 140 164 149 141 137 115 90 65 40 15 0 0 0 0 0 0 0 0 0 0 11 36 61 86 111 136 161 160 151 146 139 114 89 64 39 14 0 0 0 0 0 0 0 0 0 0 12 37 62 87 112 137 162 157 152 142 129 104 79 54 29 4 0 0 0 0 0 0 0 0 0 0 22 47 72 97 122 147 170 161 146 140 117 92 67 42 17 0 0 0 0 0 0 0 0 0 0 9 34 59 84 109 134 159 177 166 158 142 117 92 67 42 17 0 0 0 0 0 0 0 0 0 0 9 34 59 84 109 134 159 165 153 149 136 111 86 61 36 11 0 0 0 0 0 0 0 0 0 0 15 40 65 90 115 140 159 146 140 133 117 92 67 42 17 0 0 0 0 0 0 0 0 0 0 9 34 59 84 109 134 159 184 177 168 148 123 98 73 48 23 0 0 0 0 0 0 0 0 0 0 3 28 53 78 103 128 153 178 168 156 145 120 95 70 45 20 0 0 0 0 0 0 0 0 0 0 6 31 56 81 106 131 156 181 167 163 150 125 100 75 50 25 0 0 0 0 0 0 0 0 0 0 0 26 51 76 101 126 151 176 176 170 159 134 109 84 59 34 9 0 0 0 0 0 0 0 0 0 0 17 42 67 92 117 142 147 142 134 119 105 80 55 30 5 0 0 0 0 0 0 0 0 0 0 21 46 71 96 121 146 171 158 140 124 103 78 53 28 3 0 0 0 0 0 0 0 0 0 0 23 48 73 98 123 148 162 159 144 134 110 85 60 35 10 0 0 0 0 0 0 0 0 0 0 16 41 66 91 116 141 136 126 116 104 83 58 33 8 0 0 0 0 0 0 0 0 0 0 19 44 69 94 119 144 156 146 137 132 112 87 62 37 12 0 0 0 0 0 0 0 0 0 0 14 39 64 89 114 139 160 149 142 127 109 84 59 34 9 0 0 0 0 0 0 0 0 0 0 17 42 67 92 117 142 151 140 126 116 99 74 49 24 0 0 0 0 0 0 0 0 0 0 2 27 52 77 102 127 152 145 134 120 112 87 62 37 12 0 0 0 0 0 0 0 0 0 0 14 39 64 89 114 139 158 145 137 128 108 83 58 33 8 0 0 0 0 0 0 0 0 0 0 18 43 68 93 118 143 133 127 115 103];

